,Country,2010,2012,2014,2016,2018,2020,Media
0,Austria,46799579,48045089,55868298,61225037,65666128,68906034,57751694
1,Bosnia and Herzegovina,46799579,4456556,5540772,6127022,6747605,6753458,11764296
2,Belgium,61345803,53839470,57965392,63152384,68187479,68061590,62092019
3,Bulgaria,167396268,161252166,179677011,120508475,129751823,116387350,145828848
4,Cyprus,2372750,1875308,1978699,2467042,2302144,2221809,2202958
5,Czechia,23757566,23171358,23394956,25381426,2302144,38486186,23333133
6,Germany,363544995,368022172,387504241,400071672,405523624,401156266,387637161
7,Denmark,16217736,16713822,20808843,20981931,21445206,20135564,19383850
8,Estonia,19000195,21992343,21804040,24277879,23185581,16170358,21071732
9,Greece,70432705,72328280,69758868,72332353,45240333,16170358,58897343
10,Spain,137518902,118561669,110518494,128958523,137822935,105624359,123167480
11,Finland,104336944,91824193,95969888,122869183,128251735,116082531,109889079
12,France,355081245,344440922,324462969,322685297,343307326,310373987,333391957
13,Croatia,3157672,3611678,3724563,5366953,5543310,6003760,4567989
14,Hungry,16735423,16310151,16650639,15938077,18369585,17150400,16859045
15,Ireland,19807586,12713021,15166830,15251689,13986757,16192033,15519652
16,Iceland,510941,529351,815148,1067319,1293511,1060903,879528
17,Italy,158627618,154427046,157870348,163827838,172502773,174887620,163690540
18,Liechtenstein,312180,466547,569067,502581,437823,542691,471814
19,Lithuania,5578134,5678751,6200450,6674238,7080538,6695731,6317973
20,Luxemburg,10441469,8397228,7072758,10020519,9014397,9215222,9026932
21,Latvia,1498200,2309581,2621495,1909631,1773726,2852792,2160904
22,Montenegro,1498200,1014139,1092741,1132587,1222758,1246833,1192724
23,North Macedonia,2327590,8472343,2186612,1424859,1140253,1484596,2839375
24,Malta,1352994,1456213,1672810,1951928,2507070,3528663,2078279
25,Netherlands,121145468,121194466,132362297,141024020,145245469,125138771,131018415
26,Norway,9432997,10721599,10614914,11131594,14137718,14040663,11679914
27,Poland,158661957,162382959,179179899,182005677,175473691,170233670,171322975
28,Portugal,13640079,13359517,14368003,14739135,175473691,16601514,37531941
29,Romania,201432951,249354926,176607415,177562905,203017193,141364457,191556641
30,Serbia,33615918,55002570,176607415,48965314,51102914,58637622,67628088
31,Sweden,117645185,156306504,167026886,141625718,138667585,151823910,145515964
32,Slovenia,5986106,4546506,4686417,5494362,8220679,7518375,6075407
33,Slovakia,9384112,8425384,8862778,10606966,12401870,12775926,10409506
34,Turkey,63540624,67383777,73075119,75534641,97294071,107608312,80739424
35,Kosovo,63540624,1166619,1039803,2855990,2961225,2592828,10897197
